1 Bluntmaster 43 0 1248112197
25 tacony 39 efkmnqrsuvACD 1246301370
27 phreana 40 efnuvD 1216057592
28 newbie 40 0 1248116247
31 morstar 30 0 1208221091
228 sam 12 0 1220317239
39 darsk 28 0 1210610622
171 mixologee 42 0 1246277090
42 fizban 42 efgnqruvCD 1246063667
47 casey 27 cfgnquvD 1209748226
51 juntao 13 0 1213125985
78 sara 2 0 1213544223
79 kinglawrybeard 40 0 1211721082
80 darkwind 39 0 1212509095
81 krandor 40 efjlqsuvzACD 1240787610
82 karain 1 0 1212450609
83 anubis 43 efmntuvCD 1240775665
84 timthalas 13 cfgjlnoqstvwzABDE 1211668890
85 wizzle 24 ikmnqtuvD 1214253208
88 quitixieria 2 0 1214545363
89 romale 3 efjmnuvyBCD 1211429368
91 delbin 23 e 1212697869
92 madman 24 0 1212696108
94 saralise 3 0 1219020719
95 assm 21 0 1213984718
97 Slurk 43 bcfgjnoqrstvwACDE 1247765448
98 aenarion 43 cefgmnoqsvwzCDE 1228626650
102 wilco 5 0 1212228111
104 gryffin 10 0 1211645001
105 lyrrom 20 0 1213802862
106 zairzyne 2 cfgjmnoqruvwyACDE 1213730066
108 riko 2 0 1216662660
111 kyte 2 efgnquvD 1215211371
113 annelise 20 0 1212036094
114 starfallen 42 efginovACD 1245840964
115 uribam 40 fimnruvyCD 1225947935
117 segulah 40 cefgilnorstvwADE 1211837867
121 darkbane 2 efilmnrsuvyzACD 1212450525
123 testchar 40 0 1240787610
126 smakula 2 eflmnqtuvCD 1216437591
130 zorducin 3 0 1212229536
131 sarjako 18 efimnqtuvBCD 1212522681
136 kari 21 efiklrtzCD 1214058816
138 khyra 25 0 1213563250
170 doch 20 0 1216131206
144 capn 40 0 1214588277
146 zylan 23 ehi 1212943783
148 samehdi 2 0 1222453137
155 braxx 7 gkovyCD 1215173553
156 vorpaxis 15 cfgijklnosuvwBDE 1213854216
160 kaos 11 efgjmnoruvwyzABDE 1224738579
166 beowulf 40 0 1216571460
183 romsek 3 0 1233693388
184 zyduss 5 0 1214823412
185 lenoth 2 0 1215067156
188 maggic 2 0 1235843165
192 kaziel 10 0 1215053821
195 ethan 3 0 1215301684
197 tazarthi 2 0 1215360121
200 andarist 3 0 1240047838
206 testchariv 40 0 1216328910
208 Accarid 43 0 1248134204
211 zug 2 0 1216430922
213 ruckmuk 15 0 1216437438
214 telox 16 0 1216653618
215 mashanu 2 0 1231094815
221 kefka 3 0 1217973342
223 karma 40 0 1247004791
226 nadddre 1 0 1241179557
230 killa 3 0 1222118210
232 seqwith 12 0 1223683894
234 ugp 0 0 1224270880
235 vomitory 20 0 1224672079
240 vexus 2 0 1226091225
246 tarr 10 0 1228086191
248 deic 7 0 1232591865
249 morrak 8 0 1229313853
253 araevin 18 0 1247417099
254 myrna 42 0 1246059628
255 yes 4 0 1230606415
256 kavu 6 0 1237603813
257 ysabelle 15 0 1237035409
258 lani 11 0 1242430177
263 lunastar 1 0 1241837799
268 tek 1 0 1233229238
270 skibawl 2 0 1233967472
271 zorn 5 0 1234151590
272 cale 3 0 1235321119
274 elvira 4 0 1234867143
275 corim 3 0 1234908255
276 esterok 20 0 1236120101
277 oniadon 2 0 1236462278
281 zalnos 6 0 1237263863
285 Hex 20 0 1242681906
290 devarius 42 0 1240583218
291 vubru 4 0 1240693612
292 hermod 43 0 1240940381
297 ryoula 2 0 1240057577
298 rothir 43 0 1240598551
299 ronowan 10 0 1245858468
300 nex 1 0 1240539763
301 nexor 3 0 1240678848
302 zizazat 8 0 1241697682
303 hoppus 42 0 1240783561
304 covino 3 0 1240676003
305 kayrac 43 0 1240896179
306 hexor 0 0 1240678972
307 kymme 42 0 1241179732
308 rozalyn 0 0 1241282341
309 teste 1 0 1241282540
310 armeline 42 b 1242491176
311 alden 0 0 1241382370
312 blah 1 0 1241564890
313 rigil 42 0 1241897010
314 mazerati 1 0 1241930260
315 armitage 12 0 1242788338
316 hans 4 0 1242376588
317 melzaren 1 0 1242607838
318 pode 8 0 1243808270
319 erion 10 0 1243519404
320 andrea 1 0 1244162021
321 titania 1 0 1245240761
322 tenaara 11 0 1245877864
323 vinaxl 1 0 1245895352
324 vash 1 0 1245907802
325 tuppens 1 0 1245908552
326 aadin 1 0 1245918442
327 ponnet 16 0 1246644235
328 slag 8 0 1245957469
329 nocht 0 0 1245974397
330 draikus 1 0 1246032167
331 nauzhror 1 0 1246063230
332 kyrena 1 0 1246153858
333 rhade 1 0 1246922421
334 karp 1 0 1246588456
335 bardicer 1 0 1246847589
336 sallana 1 0 1246971186
337 jeekins 1 0 1247028674
338 timtek 43 0 1247693148
339 twitch 1 0 1247301515
340 xiron 7 0 1247356297
341 icaron 1 0 1247534597
342 slurktest 2 0 1247583099
343 isis 1 0 1247590205
344 slurktwo 0 0 1247600570
345 luciende 1 0 1247982803
~
